ID	source_count	listitem_count	boldtitle_count	interviewquote_count	numberedrow_count	paragraph_count	uniq_MIES	uniq_NAINEN	uniq_NETTISIVU	uniq_JULKAISU	uniq_YLIOPISTO	uniq_SAIRAALA	uniq_YRITYS	uniq_VIRASTO	uniq_JARJESTO	uniq_TUOTE	uniq_TUTKIMUS
ID001	0	0	4	0	0	10	0	0	0	0	0	0	0	0	0	0	0
ID002	0	7	3	0	0	22	1	0	0	1	1	0	0	1	0	0	1
ID003	0	0	2	0	0	14	1	0	0	0	0	0	1	0	0	0	0
ID004	38	0	5	0	4	35	0	0	0	0	0	0	0	0	0	0	0
ID005	0	0	2	0	16	47	1	0	0	0	0	0	0	0	1	0	0
ID006	8	6	5	0	0	42	1	0	0	0	0	0	0	0	0	0	0
ID008	0	0	3	0	0	17	0	0	0	0	0	0	0	0	0	0	0
ID009	3	0	5	0	0	34	0	0	0	0	0	0	0	0	0	0	1
ID010	1	0	0	1	0	11	0	1	0	1	1	0	0	1	0	0	0
ID011	0	0	0	3	1	13	0	1	0	0	0	0	0	1	0	0	0
ID012	0	0	9	3	10	27	2	0	0	0	0	0	0	0	0	0	0
ID013	0	0	10	0	0	25	0	0	0	0	0	0	0	0	0	1	1
ID014	0	0	4	0	0	14	0	0	0	0	0	0	1	0	0	3	0
ID015	0	0	6	0	6	21	1	0	0	0	0	0	0	0	0	0	0
ID016	0	13	9	0	0	38	0	0	0	0	0	0	0	0	0	2	0
ID017	0	0	1	0	0	27	0	0	1	0	0	0	0	0	0	0	0
ID018	0	0	2	7	0	20	2	0	0	0	0	0	0	0	0	0	0
ID019	28	0	0	0	0	16	3	2	3	0	0	0	1	0	1	0	0
ID020part1of4	0	0	0	0	0	7	2	1	0	0	0	0	1	0	0	0	0
ID020part2of4	4	0	0	0	0	9	4	1	0	0	1	0	1	0	0	0	0
ID020part3of4	1	0	0	0	0	5	0	0	0	0	0	0	0	0	0	0	0
ID020part4of4	2	0	0	0	0	10	5	2	0	0	2	0	3	0	2	2	0
ID021	0	0	1	0	0	6	0	0	0	0	0	0	0	0	0	0	0
ID022	2	0	0	0	0	11	0	0	0	0	0	0	0	0	0	0	0
ID023	10	0	5	0	0	19	0	0	0	0	0	0	0	0	0	0	0
ID024	0	0	5	0	0	15	0	0	0	0	0	0	0	0	0	1	0
ID025	0	8	0	0	0	18	0	0	0	0	0	0	0	0	0	0	0
ID026	1	12	2	0	0	32	0	0	0	0	0	0	0	0	0	0	0
ID027	10	0	7	0	0	38	0	0	0	0	0	0	0	0	0	0	0
ID028part1of2	0	0	1	0	0	16	1	0	1	0	0	0	0	0	0	0	0
ID028part2of2	0	0	3	0	5	21	0	1	1	0	1	0	0	0	0	0	0
ID029	0	0	4	0	0	11	0	0	0	0	0	0	0	0	0	0	0
ID030	5	0	7	0	0	41	0	1	0	0	1	0	0	0	1	0	0
ID032	1	0	0	0	0	8	0	1	0	0	1	0	0	0	0	0	0
ID033	0	3	0	0	0	22	0	0	0	0	0	0	0	0	0	0	0
ID034	0	0	20	0	0	42	0	0	0	0	0	0	0	0	0	0	0
ID035	0	0	3	0	0	8	0	0	0	0	0	0	0	0	0	0	0
ID036	0	0	0	0	0	13	0	0	0	0	0	0	0	0	0	0	0
ID037	0	0	8	0	0	37	0	0	0	0	0	0	0	0	0	0	0
ID038	0	5	9	0	9	34	0	0	0	0	0	0	0	0	0	0	0
ID039	0	0	3	0	0	28	0	0	0	0	0	0	0	0	0	0	0
ID040	1	0	0	0	0	6	1	0	0	0	1	0	0	1	0	0	0
ID041part1of2	0	0	7	0	0	20	0	1	0	1	0	0	0	0	0	0	0
ID041part2of2	0	9	1	0	0	23	0	0	0	0	0	0	1	1	0	0	0
ID042	1	0	0	0	0	5	1	0	0	1	1	0	0	0	0	0	0
ID043	0	5	4	0	4	26	0	0	0	0	0	0	0	0	0	0	0
ID044	0	0	0	0	0	6	0	0	0	0	0	0	0	0	0	0	0
ID045	0	0	3	0	0	11	1	0	0	0	1	0	0	0	0	0	0
ID046	1	0	0	0	6	11	0	0	0	0	0	0	0	0	0	0	0
ID047	4	0	11	0	0	26	0	0	0	0	0	0	0	0	0	0	0
ID048	0	0	0	0	0	5	0	0	1	1	1	0	0	1	0	0	0
ID049	0	0	0	0	0	9	0	0	0	0	0	0	0	0	0	0	0
ID050	1	0	0	0	0	8	1	1	0	0	0	0	0	1	2	0	0
ID051	0	0	0	0	0	5	0	0	0	0	0	0	0	0	1	0	0
ID052	0	0	4	0	0	13	0	0	0	0	0	0	0	0	0	0	0
ID053	0	3	5	0	5	17	0	0	0	0	0	0	0	0	1	0	0
ID054	0	0	3	5	0	22	1	0	0	0	2	0	0	0	0	0	0
ID055	0	0	8	0	0	26	0	0	0	0	0	0	0	0	0	0	0
ID056	0	0	0	0	0	6	0	0	0	0	0	0	0	1	0	0	0
ID057part1of2	5	0	0	0	0	17	0	0	0	0	0	0	0	0	0	0	0
ID057part2of2	4	0	0	0	0	16	2	0	0	0	0	0	0	0	1	0	0
ID058	0	0	8	0	0	30	0	0	0	0	0	0	0	0	0	0	0
ID059	0	0	6	0	0	31	0	0	0	0	2	0	1	0	0	0	0
ID060	31	0	6	0	0	24	0	0	0	0	0	0	0	0	0	0	0
ID061	0	0	6	0	6	31	0	0	0	5	3	0	0	0	0	0	0
ID062	1	0	0	6	0	21	1	2	0	1	3	0	0	0	0	0	0
ID063	18	0	2	0	0	20	0	0	0	0	0	0	0	0	0	0	1
ID064	3	0	2	0	0	21	0	0	0	0	0	0	0	1	4	1	1
ID065	0	0	7	0	0	27	0	0	0	2	0	0	0	0	0	0	0
ID066	0	0	0	0	0	6	0	1	0	0	0	0	4	0	0	0	0
ID067	1	0	1	2	0	11	0	1	0	1	5	4	0	1	0	0	1
ID068	0	0	3	0	0	12	0	0	0	0	0	0	0	0	0	0	0
ID069	7	0	1	0	0	13	0	0	0	0	0	0	0	1	0	0	0
ID070	0	0	0	0	0	6	0	0	0	0	0	0	0	0	0	0	0
ID071	0	0	9	0	0	39	0	0	0	0	0	0	0	0	0	0	0
ID072	0	0	4	0	0	12	0	0	0	0	0	0	0	0	0	0	0
ID074	0	0	6	0	0	32	2	0	2	1	0	0	1	0	0	0	0
ID075	0	0	0	0	6	15	0	0	0	0	0	0	0	0	0	0	0
ID076	2	0	0	0	0	5	0	0	0	0	0	0	0	0	0	0	0
ID077	0	8	0	0	0	21	2	1	0	0	0	0	0	3	0	0	0
ID078	0	0	0	0	0	14	0	0	0	0	0	0	0	0	0	2	0
ID079	0	0	0	0	0	8	0	0	0	0	0	0	0	0	0	0	0
ID080	0	0	0	0	0	8	0	0	0	0	1	0	0	0	1	0	0
ID081	0	0	0	0	0	14	0	0	0	0	0	0	0	0	0	0	0
ID082	0	0	0	0	0	4	0	0	0	0	0	0	0	1	0	0	0
ID083part1of2	0	0	10	0	0	38	0	0	0	0	0	0	0	0	0	0	0
ID083part2of2	0	0	6	0	0	16	0	0	0	0	0	0	0	0	0	0	0
ID084	0	0	6	0	0	25	0	0	0	0	0	0	0	0	0	0	0
ID085	0	20	5	0	0	39	0	0	0	0	0	0	0	0	0	0	0
ID086	0	11	4	0	0	30	0	0	0	0	0	0	0	0	0	0	0
ID087	0	0	0	0	0	6	0	0	0	1	0	0	0	0	0	0	0
ID088	0	0	0	0	0	5	0	0	0	0	0	0	0	0	0	0	0
ID089	0	11	2	0	0	21	0	0	0	0	0	0	0	0	0	0	0
ID091	2	0	0	0	0	8	2	0	0	2	2	0	0	0	0	0	0
ID092	1	0	0	0	0	7	0	0	0	0	0	0	0	0	0	0	0
ID093part1of5	1	0	0	0	0	11	3	1	2	3	3	0	0	1	0	0	0
ID093part2of5	0	0	0	0	0	11	8	1	3	0	1	0	0	0	1	0	0
ID093part3of5	3	0	0	0	0	7	1	0	0	0	1	0	0	0	0	0	0
ID093part4of5	7	0	0	0	0	8	2	0	0	0	1	0	0	0	0	0	0
ID093part5of5	3	0	0	0	0	5	0	0	0	0	2	0	0	0	0	1	0
ID094	0	0	3	0	0	18	0	0	0	0	0	0	0	0	0	0	0
ID095	0	0	1	0	0	12	0	0	0	0	0	0	0	0	0	0	0
ID096	0	14	3	0	0	27	0	0	0	0	0	0	0	0	0	0	0
ID097	0	6	5	0	0	29	0	0	0	0	0	0	0	0	0	1	0
ID098	0	0	3	0	0	13	0	0	0	0	0	0	0	0	0	0	0
ID099	0	0	4	0	0	13	0	0	0	0	0	0	0	0	0	0	0
ID100	0	0	3	0	0	19	0	0	0	0	0	0	0	0	0	0	1
ID101	0	0	7	0	0	20	0	0	0	0	0	0	0	0	0	0	0
ID102	0	0	1	0	0	7	0	0	0	0	0	0	0	0	0	0	0
ID103	12	0	4	0	0	18	0	0	0	0	0	0	0	0	0	0	0
ID104	0	7	8	0	0	27	0	0	0	0	0	0	0	0	0	0	0
ID105	0	0	4	0	0	16	0	0	0	0	0	0	0	0	0	0	0
ID106	0	0	5	0	0	14	0	0	0	0	0	0	0	0	0	0	0
ID107	11	0	4	0	0	30	1	4	0	1	0	0	0	0	0	0	3
ID108	0	9	0	0	0	32	0	0	1	0	0	0	0	1	0	1	1
ID109	2	0	7	0	0	27	0	0	0	0	0	0	0	0	0	1	0
ID110	3	0	4	0	2	34	0	0	1	0	0	0	0	1	2	2	0
ID111	0	0	3	0	0	17	0	0	0	0	0	0	0	0	0	0	0
ID112	0	2	0	0	0	6	0	0	0	0	0	0	0	0	0	0	0
ID113	0	0	7	0	0	50	0	1	1	0	0	0	0	0	0	0	0
ID114	11	0	3	0	0	18	0	0	0	0	0	0	0	0	0	0	0
ID115	1	0	5	2	5	18	1	2	1	0	3	0	0	1	0	0	0
ID116	0	0	5	0	0	20	0	0	0	0	0	0	0	1	0	0	1
ID117	0	0	3	0	0	11	0	0	0	0	0	0	0	0	0	0	0
ID118	0	0	5	0	0	14	0	0	0	0	1	0	0	0	0	0	0
ID119	0	0	3	0	0	15	0	0	0	0	0	0	0	0	0	0	0
ID120	0	0	3	0	0	14	0	0	0	0	0	0	0	1	0	0	0
ID121	0	0	3	0	3	18	0	0	0	0	0	0	0	0	0	2	0
ID122	0	0	5	0	0	20	0	0	0	0	0	0	0	1	0	0	1
ID123	0	0	1	0	0	12	0	2	1	0	0	0	0	0	0	0	0
ID124	3	0	3	0	0	12	0	0	1	0	1	0	0	0	0	0	0
ID125	0	0	5	0	0	23	0	1	0	0	1	0	0	0	0	0	0
ID127	0	0	8	0	0	20	0	0	0	0	0	0	0	1	0	0	0
ID128	0	0	3	0	0	16	0	0	0	0	0	0	0	0	0	0	0
ID129	0	0	2	3	0	19	1	0	0	0	1	0	0	0	0	0	0
ID130	3	0	0	0	0	10	0	0	1	0	0	0	0	0	0	0	0
ID131	0	0	3	0	0	14	0	0	0	0	1	0	0	0	1	0	1
ID132	0	0	0	0	0	6	0	0	0	0	0	0	0	0	0	0	0
ID133	1	0	0	0	0	7	0	0	0	1	1	0	0	0	0	0	0
ID134	0	0	2	0	0	12	0	0	0	0	0	0	1	0	0	2	0
ID135	0	0	5	0	0	24	0	0	0	0	0	0	0	0	0	0	0
ID136	1	0	4	0	0	16	0	0	0	0	0	0	0	0	0	0	0
ID137part1of2	0	0	2	0	0	8	1	1	0	0	1	0	1	0	0	0	0
ID137part2of2	0	0	2	0	0	10	1	0	0	0	0	0	1	1	0	0	0
ID138	0	5	2	0	0	16	0	0	0	0	0	0	1	0	0	3	0
ID139	0	0	0	0	0	19	0	0	0	0	0	0	1	0	0	1	0
ID141	0	0	0	0	0	6	0	0	0	0	0	0	0	0	1	0	0
ID142	0	0	0	0	1	10	0	0	1	0	0	0	0	0	1	0	0
ID143	0	0	0	0	0	7	0	0	0	0	0	0	0	2	0	0	0
ID144	0	0	7	0	0	35	0	0	0	0	0	0	0	0	0	0	0
ID145	2	4	3	0	0	31	4	0	0	1	1	0	0	1	0	0	0
ID146	0	0	0	0	0	9	0	0	0	0	0	0	0	0	0	0	0
ID147part1of2	2	12	0	0	0	33	1	1	0	1	1	0	0	0	2	1	0
ID147part2of2	3	0	1	0	0	11	1	1	2	1	1	0	0	1	0	0	0
ID148	0	0	0	0	0	10	0	0	0	0	0	0	0	0	0	0	0
ID149	0	0	0	0	0	5	0	0	0	0	0	0	0	0	0	0	0
ID150	0	0	6	0	0	17	0	0	0	0	0	0	0	0	0	0	0
ID151	1	0	0	0	0	11	4	2	3	1	1	0	0	1	0	0	1
ID152part1of2	3	0	0	0	0	4	3	0	0	1	0	0	0	1	0	0	0
ID152part2of2	4	0	0	0	0	14	5	0	0	0	1	0	2	0	0	1	0
ID153	22	0	0	0	0	14	2	0	0	0	1	1	2	3	0	0	0
ID154	20	0	0	0	0	17	0	1	0	0	0	1	1	1	2	1	0
ID155	0	0	0	0	0	7	0	1	1	1	0	0	0	1	1	0	0
ID156	0	0	0	0	0	8	1	1	0	0	0	0	1	0	0	0	0
ID157	0	0	0	0	0	10	1	0	0	0	0	0	0	0	0	0	0
ID158	2	0	10	0	0	15	0	0	0	0	0	0	0	0	0	0	0
ID159	6	0	7	0	0	19	1	0	0	0	0	0	0	0	0	0	0
ID160	5	0	6	0	0	10	0	0	1	0	0	0	0	0	0	0	0
ID161	4	0	3	0	2	12	1	0	0	0	0	0	0	0	0	0	0
ID162	0	0	0	0	0	17	0	0	0	0	0	0	0	0	0	0	0
ID163	3	0	4	0	0	15	0	0	0	0	0	0	0	0	0	0	0
ID164	0	0	7	0	1	17	0	0	0	0	0	0	0	0	0	0	0
ID165	0	0	5	0	0	23	0	0	0	0	0	0	0	1	0	0	1
ID166	0	5	2	4	0	32	1	2	0	0	1	0	0	0	1	0	0
ID167	0	0	9	0	9	12	0	0	0	0	0	0	1	0	0	0	0
ID168	0	3	5	0	2	21	0	0	0	0	0	0	0	1	1	1	0
ID169	3	0	10	0	10	46	2	0	0	3	1	0	0	0	0	1	0
ID170	0	0	0	0	0	20	2	0	0	0	0	0	1	0	0	0	0
ID171	0	0	0	0	0	7	0	0	0	0	0	0	0	0	0	0	0
ID172	0	0	0	0	0	4	0	0	0	0	0	0	0	0	0	2	0
ID173	0	0	0	0	0	10	0	0	0	0	0	0	0	0	0	0	0
ID174	0	0	3	0	0	11	0	0	0	0	0	0	0	0	0	1	0
ID176	0	0	3	0	0	10	0	0	0	0	0	0	0	0	0	0	0
ID177	13	0	2	0	0	16	0	0	0	0	0	0	0	0	0	0	0
ID178	0	0	5	0	0	16	0	0	0	0	0	0	0	0	0	1	0
ID179	0	0	6	0	0	17	0	0	1	0	0	0	0	0	0	0	0
ID180	0	0	0	0	0	10	1	3	0	0	1	0	0	0	0	0	0
ID181	0	0	3	0	0	25	0	0	0	0	0	0	0	0	0	0	0
ID182	0	0	0	0	0	10	0	0	0	0	0	0	0	0	0	0	0
ID183	1	0	0	0	0	11	0	0	0	0	0	0	0	0	0	0	0
ID184	0	0	2	0	0	18	0	0	0	0	0	0	1	0	0	1	0
ID185	0	0	0	0	1	6	0	0	0	0	0	0	0	0	0	2	0
ID186	8	13	8	0	3	45	0	0	0	0	0	0	0	0	0	0	0
ID187	1	0	1	0	0	13	0	1	0	1	1	1	0	2	0	0	1
ID188	0	0	3	0	0	16	0	0	0	0	0	0	0	0	0	0	0
ID189	8	0	4	0	0	23	0	0	1	0	0	0	0	1	0	2	1
ID190	0	0	0	0	0	7	0	0	0	0	0	0	0	0	0	0	0
ID191	0	0	6	0	0	14	0	0	0	0	0	0	0	0	0	0	0
ID192	0	0	0	0	0	10	1	0	0	0	0	0	0	0	0	0	0
ID194	0	0	5	5	5	19	0	1	1	0	0	0	0	0	0	0	0
ID195	0	0	10	6	10	52	1	0	0	0	0	0	0	1	0	0	1
ID196	0	0	0	0	0	20	1	1	0	0	1	0	1	0	0	0	0
ID197	0	0	10	11	10	26	0	1	0	0	0	0	0	0	0	0	0
ID198	4	0	5	0	0	32	0	1	0	0	2	0	0	5	1	0	0
ID199	0	0	0	4	0	11	2	0	0	0	1	0	0	0	0	0	0
ID200	3	26	2	0	1	43	1	1	0	1	2	0	0	1	0	0	2
ID201	0	0	0	9	0	34	4	1	0	0	1	0	0	1	1	0	0
ID202	1	0	2	1	0	15	0	1	0	1	1	0	0	0	0	0	0
ID203	1	0	0	4	0	12	1	0	0	1	2	0	0	0	0	0	0
ID204	0	0	3	6	3	36	2	0	2	0	0	1	0	0	0	0	0
ID205	0	0	3	8	0	30	4	1	2	1	1	0	0	0	0	0	0
ID206	0	0	0	6	0	18	0	2	0	0	0	0	0	0	0	0	0
ID207	0	0	2	7	0	17	1	0	0	0	0	0	0	0	0	0	0
ID208	0	0	4	5	0	21	0	1	0	0	0	0	1	1	0	0	0
ID209	1	5	2	2	4	34	1	0	0	0	1	0	0	0	0	0	0
ID210	0	0	3	0	0	18	1	3	0	0	1	0	0	0	1	0	0
ID211	0	0	3	0	0	23	1	0	0	0	0	0	0	2	1	0	0
ID212	0	0	0	18	0	41	0	1	0	0	0	0	0	0	0	0	0
ID213	0	4	3	6	0	18	0	1	0	0	0	0	0	1	0	0	0
ID214	0	0	2	0	0	19	1	0	0	0	0	0	0	0	0	0	0
ID215	0	15	6	10	0	56	2	0	0	0	1	0	0	0	0	0	0
ID216	0	0	8	2	0	30	0	1	0	0	0	0	0	0	0	0	0
ID217	0	0	5	6	5	12	0	1	0	0	0	0	0	1	0	0	0
ID218	0	0	4	3	0	19	0	1	0	0	0	0	0	0	0	0	0
ID219	0	0	3	4	0	8	0	1	0	0	0	0	0	0	0	0	0
ID220	0	0	3	3	0	16	1	1	1	0	1	1	0	0	0	0	0
ID221	0	0	4	7	0	25	0	1	0	0	0	0	0	0	0	0	0
ID222	0	0	9	2	9	31	0	1	0	0	0	0	0	0	0	0	0
ID223	0	0	6	7	0	35	1	0	0	0	0	0	0	0	0	0	0
ID224	0	0	0	4	0	9	0	2	0	0	0	0	0	0	1	0	0
ID225	0	0	0	0	0	9	4	4	0	0	0	0	1	2	3	0	0
ID226	5	0	7	1	7	32	0	1	3	0	5	0	0	0	0	0	0
ID228	0	0	6	11	6	36	0	1	0	0	1	0	0	0	0	0	0
ID229	0	0	3	8	0	30	0	2	1	0	1	0	0	1	0	0	0
ID230	0	0	1	6	0	14	0	1	0	0	0	0	0	0	1	0	0
ID231	0	0	4	7	0	28	4	1	0	0	0	0	1	0	2	0	0
ID233	0	6	5	0	5	24	0	0	1	0	0	0	0	0	0	0	0
ID234	0	0	3	3	0	14	1	1	0	0	1	0	1	1	0	2	1
ID235	0	0	8	0	8	17	0	0	1	0	0	0	0	0	0	0	0
ID236	0	0	6	13	6	35	1	1	1	0	1	0	1	0	0	0	0
ID238	1	0	0	0	0	6	0	0	0	0	0	0	0	0	0	0	2
ID239	0	0	10	0	1	31	2	9	1	0	0	0	0	0	1	0	0
ID240	3	0	1	7	1	29	1	1	0	0	3	0	0	1	0	0	0
ID241	0	0	0	7	0	22	2	0	0	0	1	0	1	1	0	0	0
ID242	0	0	5	5	0	27	1	0	0	0	0	0	0	0	1	0	0
ID243	0	0	0	0	0	29	1	2	0	0	1	0	0	2	1	0	1
ID244	0	5	3	4	1	20	0	1	0	0	0	0	1	0	0	0	0
ID245	0	0	3	10	0	25	2	1	1	0	1	0	0	1	1	0	0
ID246	0	0	2	4	0	12	1	0	0	0	1	0	0	0	0	0	0
ID247	0	0	5	7	3	33	0	1	0	0	1	0	0	0	0	0	0
ID248	0	0	2	0	1	18	1	0	0	0	1	0	0	1	0	0	0
ID249	0	0	4	0	0	25	0	1	0	1	1	0	0	0	0	0	1
ID250	0	0	7	0	5	29	0	0	0	0	0	0	0	0	0	0	0
ID251	0	0	9	0	5	29	2	0	1	0	0	0	0	1	0	0	1
ID252	0	15	10	10	9	61	0	1	0	0	0	2	0	0	0	1	0
ID253	0	0	3	13	0	38	3	1	0	0	1	0	0	2	0	0	0
ID254	0	9	2	9	0	41	1	1	1	0	0	0	0	2	0	0	0
ID255	0	0	4	1	0	26	1	1	0	0	1	0	0	0	1	0	0
ID257	1	0	0	1	0	12	2	0	1	1	1	0	0	0	0	0	0
ID258	0	0	5	5	0	38	2	0	0	0	0	2	0	0	0	0	0
ID259	0	0	0	8	0	23	1	0	0	1	0	0	0	0	0	0	0
ID260	1	0	0	2	0	13	0	1	1	1	1	0	0	1	0	0	0
ID261	0	0	7	1	0	33	1	0	0	0	0	0	0	1	0	0	0
ID262	0	0	0	1	0	9	0	1	1	0	0	0	0	1	0	0	0
ID263	0	0	0	0	0	13	2	0	1	0	1	0	0	3	0	0	0
ID264	0	0	0	0	0	10	0	0	1	0	0	0	0	0	0	0	0
ID265	0	0	0	0	0	24	1	1	0	0	1	0	0	0	0	0	0
ID266	0	0	3	3	0	19	2	0	1	0	2	0	0	1	0	1	0
ID267	0	0	0	0	0	19	0	3	0	0	1	0	0	2	0	0	0
ID269	0	5	1	5	0	22	0	1	0	0	0	0	0	0	1	0	0
ID271	0	0	4	14	0	36	1	5	0	0	0	0	0	0	0	0	0
ID272	0	0	10	0	0	23	0	0	0	0	0	0	0	0	0	0	0
ID273	0	0	0	0	0	5	0	0	0	1	0	0	0	1	0	0	2
ID274	0	0	2	0	0	11	1	0	0	0	0	0	0	1	0	0	0
ID275	0	18	5	0	0	40	0	0	0	0	0	0	0	0	0	0	0
ID276	0	4	4	0	0	14	1	0	1	0	0	0	0	0	0	0	0
ID277	0	0	1	0	0	20	1	0	1	1	1	0	0	1	0	1	0
ID278	0	0	0	0	0	13	0	0	0	0	0	0	0	0	0	1	0
ID279	0	0	2	7	0	24	0	1	0	0	1	0	0	1	0	0	0
ID280	0	0	2	1	0	12	0	1	1	0	1	1	0	2	0	0	0
ID281	0	0	0	0	0	9	0	0	0	0	0	0	0	0	0	0	0
ID282	0	0	4	0	0	16	0	0	0	0	0	0	0	0	0	0	0
ID283	0	0	4	0	0	10	0	0	0	0	0	0	0	0	0	0	0
ID284	0	0	5	0	0	14	0	0	0	0	0	0	0	0	0	0	0
ID285	0	0	0	0	0	7	1	2	0	0	0	0	0	0	0	0	0
ID286	0	0	2	0	0	20	0	0	0	0	0	0	0	0	0	0	0
ID287	0	0	2	0	0	13	0	0	0	0	0	0	0	0	0	0	0
ID288	6	9	4	1	0	35	1	0	0	0	0	0	3	0	0	2	0
ID289	0	0	5	0	10	21	1	1	3	0	0	0	0	0	0	0	0
ID290	0	0	1	0	0	13	0	0	0	0	0	0	0	0	0	0	0
ID291	0	0	7	0	7	25	0	0	0	0	1	0	0	0	0	0	0
ID292	0	0	5	0	3	15	0	0	0	0	0	0	0	0	0	0	0
ID293	0	0	0	4	0	15	2	3	1	0	1	0	1	3	0	1	0
ID294	26	0	6	0	0	15	0	0	0	0	0	0	0	0	0	1	0
ID295	1	3	9	2	0	44	0	1	0	1	0	0	1	2	1	3	0
ID296	0	0	0	0	0	8	0	0	0	0	0	0	5	0	1	0	0
ID297part1of3	15	0	2	0	0	16	1	0	1	0	0	0	0	0	0	0	4
ID297part2of3	4	0	1	0	0	8	1	0	1	0	0	0	0	0	0	0	0
ID297part3of3	0	0	1	0	0	11	0	1	0	0	0	1	0	0	0	0	0
ID298	8	0	3	0	1	15	4	0	2	2	0	0	0	0	0	0	0
ID299part1of2	2	0	1	6	0	15	2	0	0	1	0	0	0	0	0	0	0
ID299part2of2	0	0	2	4	1	17	3	1	0	1	3	0	0	0	2	0	0
ID300	0	0	2	4	0	28	4	0	2	0	0	0	4	2	0	1	1
ID301	0	0	0	0	0	26	1	0	0	0	0	0	3	0	0	1	0
ID302	0	16	3	0	0	26	0	0	0	0	0	0	0	0	0	0	0
ID303	0	0	3	0	0	18	0	0	0	0	0	0	1	0	0	1	0
ID304	0	0	0	0	0	6	0	0	0	0	0	0	0	0	0	2	0
ID305	0	0	5	0	0	12	0	0	0	0	0	0	0	0	0	1	0
ID306	0	0	0	0	0	13	0	0	0	0	0	0	0	0	0	0	0
ID307	0	0	3	1	0	13	0	1	1	0	0	0	0	0	0	0	0
ID308	0	0	5	0	0	13	0	0	0	0	0	0	0	0	0	0	0
ID309	0	0	4	0	0	18	1	0	0	1	0	0	0	0	0	0	0
ID310	1	0	3	0	0	11	0	0	0	0	0	0	0	0	0	0	0
ID311	0	5	2	0	0	20	1	0	0	0	0	0	0	0	0	0	0
ID312	0	0	2	8	0	17	0	1	0	0	0	0	0	1	1	0	0
ID313	0	0	0	0	0	18	1	1	1	0	0	0	0	0	0	0	0
ID314	0	0	2	0	0	15	0	0	0	0	0	0	0	0	0	0	0
ID315	5	0	2	0	0	9	0	0	0	0	0	0	0	0	0	0	0
ID316	0	0	3	5	0	16	1	0	0	0	1	0	0	0	0	0	0
ID317	0	4	3	0	0	20	0	0	0	0	0	0	0	0	0	0	0
ID318	0	0	0	0	0	11	2	1	0	0	0	0	0	2	1	0	0
ID319	0	0	7	0	6	41	1	0	0	0	0	0	0	0	0	0	0
ID320	0	0	5	12	0	32	3	0	0	0	1	0	0	3	0	0	0
ID321	17	0	2	0	0	15	1	0	0	0	0	0	1	2	1	0	0
ID322	0	0	3	7	0	23	1	0	0	0	1	0	0	0	0	0	0
ID325	0	0	0	0	0	17	1	1	0	0	0	0	0	1	0	0	0
ID327	5	5	9	0	0	35	0	1	1	0	0	0	0	0	0	0	1
ID328	0	0	2	0	0	13	0	1	0	0	0	0	0	0	0	0	0
ID329	0	0	1	2	0	11	1	1	0	0	0	0	0	0	0	0	0
ID330	0	0	0	0	0	11	0	0	0	0	0	0	0	0	0	0	0
ID331part1of4	12	0	0	0	0	6	0	0	0	0	2	0	0	0	0	0	0
ID331part2of4	12	0	0	0	0	9	1	0	0	0	1	1	0	0	0	0	0
ID331part3of4	6	0	1	0	0	8	3	1	1	1	0	1	0	0	2	0	0
ID331part4of4	23	0	1	0	0	18	2	1	0	2	4	1	0	2	0	0	1
ID332	0	0	19	0	0	40	0	0	0	0	1	0	0	0	0	0	0
ID333	0	0	2	0	0	14	0	0	0	0	0	0	0	0	0	0	0
ID334	0	0	3	0	0	17	0	1	0	0	1	0	0	1	1	0	0
ID335	0	0	1	8	0	19	1	2	0	0	0	0	0	0	1	0	0
ID336	0	0	0	0	0	5	0	0	0	0	0	0	0	0	0	0	0
ID337part1of2	0	0	0	0	0	8	0	0	0	0	0	0	0	0	0	0	0
ID337part2of2	0	0	1	0	0	7	0	0	0	0	0	0	2	0	0	1	0
ID338	0	0	6	1	0	22	1	0	0	0	0	0	0	0	0	0	0
ID340	0	0	5	0	0	21	1	0	0	0	0	0	0	0	0	0	0
ID341	0	0	0	3	0	14	1	1	0	0	1	0	0	0	0	0	0
ID344	0	0	0	0	0	6	0	0	1	0	0	0	2	0	0	0	0
ID345	0	0	1	0	0	11	0	0	1	0	0	0	0	0	0	2	0
ID346	0	0	5	0	0	12	0	0	0	0	1	0	1	0	0	4	0
ID347	4	6	5	0	1	29	0	0	0	0	0	0	1	0	0	1	0
ID348	11	0	7	0	0	32	0	0	0	0	0	0	0	0	0	1	0
ID349	3	0	2	0	0	11	0	0	0	1	0	0	0	0	0	0	0
ID350	9	0	4	0	2	27	0	0	0	0	0	0	0	1	2	0	0
ID351	8	3	3	0	0	22	1	0	0	1	0	0	0	0	0	0	0
ID352	0	0	5	0	5	26	0	0	0	0	0	0	0	0	0	0	0
ID353	0	0	0	0	0	14	4	0	1	0	0	0	0	0	0	0	0
ID360	0	0	4	6	0	21	1	0	0	0	0	0	0	0	0	0	0
ID361	0	0	2	0	0	18	1	0	0	0	0	0	0	0	0	0	0
ID362	0	0	2	1	0	14	1	0	0	0	0	0	0	0	0	0	0
ID364	0	0	3	13	0	31	2	3	0	0	0	0	0	2	2	0	0
ID365	0	0	2	4	0	15	1	0	0	0	0	0	0	0	0	0	0
ID366	0	0	4	0	0	26	0	1	1	0	0	0	1	2	0	1	0
ID367	0	0	4	1	0	32	0	3	0	0	0	0	0	0	0	0	0
ID368	0	0	1	0	1	17	1	0	0	0	0	0	2	4	0	0	0
ID369	0	0	0	0	0	9	1	0	0	0	0	0	1	2	0	2	0
ID370	0	0	8	0	0	19	0	0	0	0	0	0	0	0	0	0	0
ID371	0	0	1	0	0	16	0	0	0	0	0	0	0	0	0	0	0
